89995
48437
16550
19785
68484
54738
40243
17111
74956
16821
71981
83326
93784
49982
95882
32012
74511
17597
48690
32690
16945
26383
91242
23573
76106
  306
43249
72965
 1075
 9155
69056
40239
38473
96015
97608
64332
77685
87091
27299
54893
28250
12093
57091
62006
 6894
40389
80186
75918
86851
 8593
87101
78141
32175
10005
96478
29016
96162
 9999
15401
22139
84919
41311
48830
16072
88432
29045
34649
79587
21245
17990
80821
35280
34107
59945
18348
43069
38437
14411
74278
36593
96325
10734
64359
36219
83310
48213
76857
92714
28370
 4483
36789
73152
21747
 5804
18676
48111
97884
17531
94006
52431
21570
82337
89290
86560
28743
86962
34628
46709
57080
27891
25157
  695
12954
 3951
  769
44420
20079
38974
80544
26740
77794
17610
20233
99909
77902
48374
50206
92924
 6762
91359
48252
12479
 1421
14113
51816
51123
77827
31708
46537
72238
63610
 5266
81619
98621
18222
78599
17306
84850
68123
22549
88665
44409
48548
49779
36106
23856
42254
18668
81122
48911
37937
95735
52671
21245
41842
88242
35608
69738
37900
 5082
50844
84718
13186
85799
57385
47998
26042
13580
55298
41189
22291
75619
55188
29772
48400
 8035
 2318
31398
23613
87640
12126
38346
11257
63977
68839
79877
87620
15082
22718
29270
81259
87864
94389
77051
27048
84697
49286
47805
46044
14278
55451
53405
77908
43481
99666
53721
58546
50527
76739
99566
 4007
86737
 8432
39135
 2142
 1982
24267
68890
48142
71598
27482
61739
33130
12652
69018
45665
20368
  131
55857
44502
43303
36741
50162
87806
38212
91061
69057
31866
22062
59423
85426
31679
93919
28503
67198
68213
64055
72503
25191
82006
20981
 2028
 1787
43210
52168
60735
70187
91686
14484
84450
70775
48181
 6447
96775
25897
45544
55933
87663
49378
82678
29857
 1111
 1294
99828
91112
 1412
 3340
45987
77818
87736
23919
54625
49551
24386
85024
58421
84052
72725
 8832
87520
47930
75620
78524
98490
43542
81173
90585
47283
17555
50661
76740
92220
77099
26367
 2741
85511
36477
93514
72018
22597
27677
42966
89664
13609
26217
11644
48026
63169
  838
26961
64819
68987
 2796
 9255
67608
96782
23017
21809
47735
89989
40235
32851
53656
26136
13008
38060
42246
68312
27119
82538
47815
 1705
 2580
48428
 1625
67648
79492
78645
15026
42989
11045
40752
61850
55185
36730
32938
50348
  353
 6629
59342
82195
56899
16903
76468
 3439
87426
97293
38421
74848
86416
36023
72854
70118
95620
 4252
16651
78170
64303
92890
12796
98628
86677
39785
92308
84592
72273
64846
 8363
52591
69276
32900
58243
41342
97271
78143
39757
56942
73695
10435
32669
14913
17551
63419
32693
81719
35448
73759
77272
22382
41760
50547
34472
48788
87341
90520
 2643
52293
38842
41710
29220
62681
77143
33575
13113
52973
62258
32032
95201
33480
 5829
30325
94833
60485
30920
30910
96129
23065
56476
97596
 1884
 5512
33669
92032
96430
30590
48192
10470
19885
82172
41363
 5639
93208
62298
10876
77956
52221
55411
48765
36415
96345
14811
89064
93738
 3212
48894
65661
20449
63289
23147
49870
43078
65102
92411
42997
32534
88584
55743
63881
 5356
86056
23473
63236
92803
97294
60367
62948
50628
88579
66781
67246
10171
74960
16186
62468
23272
42685
92208
18523
16302
46764
44704
75537
56361
76149
56336
18214
18036
50036
68268
26826
60868
99890
61310
59344
60772
51414
74669
82512
13983
55654
13625
88070
59024
73730
79511
86222
57930
87268
80137
83430
86907
56486
70737
43749
55525
93681
51737
96806
12892
65659
14819
81576
90003
91007
79877
50975
68153
 5592
30357
19634
15673
48665
51484
67638
96441
83369
93352
63012
 3982
71215
10963
71038
48441
98709
29401
21637
 5490
 9290
47615
93918
31246
32391
19673
28627
62461
93779
10515
40016
86199
 2620
 2604
21560
67956
56090
57053
 4293
45772
60196
58151
76322
49851
14217
54531
12526
11929
63917
54030
93214
53606
98730
45633
10988
87728
31614
25087
53914
58688
94065
14285
74666
97660
 6629
86048
67922
65378
49145
30458
64823
75766
49449
21250
13446
77500
93614
39706
88505
59018
73969
17721
79321
22103
72912
72702
56179
 4714
43097
49562
16504
 2720
50661
78194
52439
75031
54185
73805
86263
50047
98011
13183
93486
 9642
 1572
83237
61347
 5243
49493
75802
45058
57141
12340
35002
70452
30873
96362
62950
24141
94232
41387
64956
17811
57725
30006
53545
29236
83563
77475
11710
17425
93327
93941
61343
93350
30693
19184
20558
89676
74626
81632
86025
64384
85866
45347
30947
25017
75202
46303
33391
89777
92518
96228
35133
37395
84150
57896
71293
90460
84587
79849
42644
83426
77356
39528
42215
87504
63385
46072
 2452
76163
52794
61195
21895
77924
91512
85454
37749
45093
12119
75235
45484
89999
 3952
52306
 6756
37926
28145
15903
72445
17809
64302
 1010
53798
74620
82539
 7523
13363
84808
28608
46694
44656
65622
 3712
44660
17908
93978
53993
96149
22961
79702
56732
14161
61518
95063
71844
28946
61413
30167
30283
20629
57101
 1695
36016
39712
 4367
   11
89101
71747
83580
64490
44394
10945
34992
72023
52230
44281
38787
27523
74593
23727
 2647
99144
13699
51005
77801
63208
50977
95689
17694
63867
92321
 4924
57201
83229
20339
37185
82491
18176
69682
97000
79326
86578
 8264
57549
62634
 6552
71272
17508
90604
88212
83929
19670
36300
 6394
85440
57797
13639
51689
12999
90168
 9741
32519
34483
92823
46006
 5416
61852
86402
17416
55544
 2532
67730
71578
50433
72502
 4094
82499
98685
87819
48861
 6806
54213
93957
35945
63871
79654
73681
56106
40706
91783
13227
54043
65767
57802
72971
15515
33876
15096
66338
63448
 1477
11809
85841
93996
78804
53124
76556
63825
95580
 2102
63787
 6956
13229
37639
 4418
 9328
74355
25582
19590
26156
36085
75908
80969
44590
47490
 1289
65598
 6090
40460
68556
18635
35180
65380
13188
57727
71980
23362
55798
43627
 4935
39381
43862
92740
97455
12515
82826
 8765
28335
19840
83648
85545
47892
58677
50937
32039
39412
23388
10840
58926
48934
61636
70352
66329
49448
59240
94071
35639
91922
95779
28775
23222
86733
 6899
56334
26117
26922
17114
89777
49565
74974
37388
92478
50132
80935
36619
 1040
20138
21158
68184
 2043
49549
23961
89249
72854
28502
64089
83660
 6963
23493
84784
88032
71487
63830
33436
48594
86545
71908
95380
39787
 3591
84551
 3201
79517
63223
48009
32489
56291
64608
35895
14247
60248
79869